-30
30
-18
18
000000000000000000000000000000000000000000000000000000000000
000000000000000000000000000000000000000000000000000000000000
000000000000000000000000000000000000000000000000000000000000
000000000000000000000000000000000000000000000000000000000000
000000000000000000000000000000000000000000000000000000000000
000000000000000000000000000000000000000000000000000000000000
000000000000000000000000000000000000000000000000000000000000
000000000000000000000000000000000000000000000000000000000000
000000000000000000000000000000000000000000000000000000000000
000000000000000000000000000000000000000000000000000000000000
000000000000000000000000001111111000000000000000000000000000
000000000000000000000000001111111000000000000000000000000000
000000000000000000000000001111111000000000000000000000000000
000000000000000000000000001111111000000000000000000000000000
000000000000000000001000001111111000000100000000000000000000
000000000000000000001000001110111000000100000000000000000000
000000000000000000001000001110111000000100000000000000000000
000000000000000000001000000000000000000100000000000000000000
000000000000000000111000000000000000000111000000000000000000
000000000000000000111000000000000000000111000000000000000000
000000000000000000111000000000000010000111000000000000000000
000000000000000000111000000000000000000111000000000000000000
000000000000000000111000000000000000000111000000000000000000
000000000000000000111000000000000000000111000000000000000000
000000000000000000100000000000000000000001000000000000000000
000000000000000000000000000000000000000000000000000000000000
000000000000000000000000000000000000000000000000000000000000
000000000000000000000000000000000000000000000000000000000000
000000000000000000000000000000000000000000000000000000000000
000000000000000000000000000000000000000000000000000000000000
000000000000000000000000000000000000000000000000000000000000
000000000000000000000000000000000000000000000000000000000000
000000000000000000000000000000000000000000000000000000000000
000000000000000000000000000000000000000000000000000000000000
000000000000000000000000000000000000000000000000000000000000
000000000000000000000000000000000000000000000000000000000000
000000000000000000000000000000000000000000000000000000000000
